	Z_0	Z_1	Z_2	Z_3	Z_4	Z_5	Z_6	Z_7	Z_8	Z_9	Z_10	Z_11	Z_12	Z_13	Z_14	Z_15	Z_16	Z_17	Z_18	Z_19	Z_20	Z_21	Z_22	Z_23	Z_24	Z_25	Z_26	Z_27	Z_28	Z_29
Z_0	0.439053314581	0.00158364459967	0.00646187118245	0.00198991760477	0.0204296413386	0.00242061865876	0.0111494747459	0.00845573360309	0.0228828677802	0.00708119705627	0.0550751581089	0.0771261356771	0.0184925939529	0.00199746584179	0.0280511876099	0.0238121712945	0.0460064788371	0.00304242673846	0.0380508457591	0.0631572914092	0.00328996329279	0.00878917045948	0.00831623221626	0.0261605494711	0.00673174132396	0.00214348497352	0.00574443060549	0.0275462242681	0.0208007555455	0.0703305769121
Z_1	0.000718955217031	0.810410116051	0.00162938570423	0.0157670048084	0.000792612093467	0.0127136274866	0.000232614291255	0.000188817741055	0.00381333831849	0.0137258388295	0.000563998500162	0.000501437385188	0.00354744668057	0.00797379155773	0.00026198840283	0.000746218683865	0.00208069900078	0.00436738777752	0.000619093671603	0.00114907570901	0.00556589788007	0.00016881536706	0.00864743554992	0.0039227196293	0.000453099414774	0.0243107005399	0.00433840393951	0.000341188418172	0.00907231679624	0.000915322989496
Z_2	0.0033633444854	0.00186806869118	0.731388686329	0.0306220920812	0.00495176201422	0.00130327703649	0.00414004858635	0.00330712115437	0.00693806654482	0.0206639736006	0.00600593559702	0.00212801775885	0.0135353244368	0.00191779488865	0.00285009843491	0.00366916699523	0.00312407024899	0.00643549236164	0.00117979456463	0.00624528286072	0.00245604713775	0.00227316615892	0.0141075143064	0.00294064519178	0.00570233867293	0.00177372214817	0.00394685194056	0.0124735983033	0.00119694012188	0.00294144789716
Z_3	0.00175698737226	0.030664693676	0.0519463872269	0.777891480524	0.00150895223131	0.0357582493841	0.00115811027806	0.000360879420715	0.00321223668779	0.0216623076627	0.00204648683389	0.00451477625873	0.00766330634003	0.0199751774043	0.000499768727974	0.00283875467737	0.00675941873248	0.0124715202323	0.00199464043184	0.00430874381568	0.023970938106	0.000305350669351	0.0179083391548	0.00910317282907	0.000227808950059	0.0158470947684	0.00700720893189	0.00127759022739	0.0261612599178	0.00185144877935
Z_4	0.0297194880626	0.00253978621085	0.0138397195758	0.00248612252007	0.622259037178	0.00123045985928	0.0129321067954	0.0093630036071	0.0618302690779	0.0202912223223	0.0498906222455	0.0196074131415	0.0501523341889	0.00108297771537	0.0301105838913	0.0706843155363	0.00612497058389	0.0045328447014	0.00482099203245	0.0218665338761	0.00380821475698	0.127250780762	0.00605939575186	0.0111723355989	0.0167349271413	0.00181753302867	0.00878143737434	0.0358656041704	0.00266637948224	0.0188475099106
Z_5	0.00148444810509	0.0171737054536	0.00153554423111	0.0248359825489	0.00051871106416	0.767671765374	0.000637300065102	0.000689104504329	0.00387796931111	0.0045080059084	0.000165722696479	0.0016049601599	0.00374983189268	0.0514270852118	0.000428673820818	0.00434882619039	0.00525302011561	0.00182421399384	0.00148939061145	0.00446014662032	0.0166792774112	0.000441419730294	0.005491145053	0.00763760216207	0.00039591471903	0.00888456034545	0.00198266389869	0.000408892757813	0.0342372517692	0.00195752401555
Z_6	0.00826292361535	0.000379727113291	0.00589483579951	0.000972065880975	0.00658821904895	0.000770166545261	0.637074205064	0.0691192531747	0.00671513069271	0.00159451495441	0.0173002582636	0.00177890840091	0.00494766069619	0.000976620116345	0.0425711165997	0.00400775139352	0.00225215790219	0.00354291391137	0.000295641608726	0.0365095454408	0.000666911841634	0.0165092988167	0.00425728872672	0.00155056963286	0.0198756388753	0.0026624631039	0.0018705548016	0.0253086449283	0.00340514373653	0.0111483963505
Z_7	0.00591590098219	0.000290983448512	0.00444535710095	0.000285955316415	0.00450302349592	0.000786169244435	0.0652513214573	0.578619309656	0.0145248459218	0.00239233396826	0.0154596008152	0.000730681106462	0.000437002043842	0.000227299311458	0.0664076778931	0.000851339386777	0.000495551734969	0.0086884125642	0.000118349316937	0.0141727048413	0.000341854988691	0.0215929350394	0.00382885834741	0.000886041059852	0.0482645810911	0.000255694438956	0.00721805066581	0.0284593454568	0.000478876441337	0.00168435710141
Z_8	0.0107816211381	0.0039576267954	0.00628056943237	0.00171414520305	0.0200259980819	0.00297947221982	0.00426922216225	0.00978172717284	0.574349451783	0.00991320178592	0.0200632089231	0.00515212474051	0.00686431160751	0.0035191462087	0.00566496352358	0.00497601634653	0.0106427291996	0.0145934832482	0.00280235579352	0.00804423932836	0.00789815076057	0.00605425886142	0.00634157067894	0.00533682756579	0.00297962615553	0.00521241096655	0.00820588811417	0.0168948374092	0.0048295508626	0.00781675635608
Z_9	0.00485170605671	0.0207148875741	0.0272012325756	0.0168096617549	0.00955686449458	0.00503655562075	0.00147413435521	0.00234282582932	0.014415447597	0.706784154602	0.00810856258705	0.0072344473448	0.0108172473402	0.0135801409727	0.00139077208571	0.00437997405198	0.00912953114295	0.0107202921612	0.00203350034605	0.0120900966808	0.0066868016227	0.00138646268813	0.0401493825329	0.0120210798315	0.00218032584793	0.0209436997272	0.0099455873288	0.00533202866917	0.00576346329758	0.00360506663859
Z_10	0.0744426922366	0.00167919121021	0.0155967436438	0.0031328653366	0.0463558615601	0.000365266351424	0.0315529213629	0.0298672330026	0.0575563305981	0.0159964049891	0.448314128381	0.0190877542779	0.0239907125041	0.00209423947673	0.0639353297514	0.0182293526551	0.019802816655	0.0116200030439	0.00739982945382	0.0673743514043	0.00180849954373	0.063951229277	0.00928821288904	0.0139071007258	0.0460505994574	0.0024589431317	0.0119157669225	0.0837352220796	0.01109093226	0.0737245011368
Z_11	0.0725458841842	0.00103892405266	0.00384568225821	0.00480965464139	0.0126780051571	0.002461709601	0.00225779996711	0.000982357306583	0.0102854656929	0.00993181829248	0.0132831085961	0.575728741702	0.0125079590481	0.00726457450711	0.00610502188783	0.0694435655527	0.0714083993177	0.0056113004184	0.0383338924437	0.0137037322844	0.00401832339885	0.00403697037463	0.0218182700459	0.0387636916022	0.0011107421744	0.00686139030593	0.00278736319945	0.00603127731041	0.0127240015073	0.0161459900112
Z_12	0.0112453123473	0.00475166101321	0.0158135473618	0.00527784133146	0.0209644878745	0.0037183207003	0.00405970304806	0.000379828503908	0.00885925216844	0.00960069445168	0.0107932072595	0.0080862829432	0.628517743424	0.00916980331997	0.00581885424701	0.0319546678461	0.0106061503345	0.00852952534904	0.000586728917148	0.0148411887997	0.0055370781052	0.0207564746604	0.00530401487775	0.0302930249729	0.00388151756557	0.00357506937154	0.00223958151445	0.00327865895949	0.00452071353658	0.00591328143705
Z_13	0.00131906271909	0.0115986340983	0.00243318531134	0.014939744968	0.000491614883951	0.0553782658283	0.00087022673281	0.000214543124214	0.00493230335813	0.0130888822914	0.00102316601886	0.00510017479745	0.00995800675304	0.703893666953	0.000347369218692	0.00537237591763	0.0256272911626	0.00789607284891	0.00567126648834	0.00658182547814	0.0148381242449	0.000161149814983	0.00518114373329	0.0365857538334	0.000214960828113	0.0137548714465	0.00265640329793	0.0005956760327	0.0305384113832	0.00340501139052
Z_14	0.034680216731	0.000713458147815	0.00676982362804	0.000699787340616	0.025589932801	0.00086420916738	0.0710176441819	0.11734895869	0.0148646282458	0.00250956653575	0.0584797006695	0.0080242891393	0.0118302613787	0.000650333007718	0.522417468911	0.0185023171518	0.00455117523613	0.0100498858752	0.00284050824664	0.0511480868383	0.00043761745597	0.0410470590523	0.00569588490483	0.00739147222684	0.0417588145313	0.000460286419454	0.00670521253209	0.083700700328	0.00449775710251	0.0274624159307
Z_15	0.0189387109609	0.00130729446184	0.00560668092011	0.00255708835724	0.0386450517296	0.00564007430295	0.00430103386305	0.000967797598226	0.00839961925995	0.00508434666994	0.0107264582344	0.0587181309566	0.0417938169852	0.00647040889969	0.0119027411451	0.64739426453	0.00988312474187	0.00172249542668	0.00712848338814	0.0100345773458	0.0044841574834	0.0148258387911	0.00123397743993	0.0181517154493	0.00433331058759	0.00111948491076	0.00268118983336	0.00335359244278	0.00240727581173	0.00683666383085
Z_16	0.0428001377354	0.00426374589835	0.00558385210463	0.0071220001153	0.00391696415039	0.00796886725021	0.00282712934013	0.000658939539554	0.0210138470812	0.0123961506314	0.0136297164014	0.0706259435986	0.0162259547692	0.0361029583044	0.00342467354509	0.0115602980242	0.518333850489	0.0175456951403	0.0174882443991	0.0344860831033	0.0101028466308	0.000571622173569	0.0157012000297	0.0675559942117	0.000879585683327	0.0276027651791	0.00589481571108	0.0161986832622	0.0487279255913	0.0433161215981
Z_17	0.00203898587061	0.00644720865968	0.00828634117852	0.00946629287224	0.0020882589203	0.00199356879439	0.00320387347415	0.0083227129824	0.020757709766	0.0104860737437	0.00576147935966	0.0039980332488	0.0094003768072	0.00801344293957	0.00544784405024	0.00145144554467	0.0126397503108	0.758573176829	0.00532048610455	0.0070191437935	0.0119850981819	0.00151009871789	0.00710723430536	0.00838765134408	0.00206708729357	0.0143153524584	0.00938673917362	0.0127091323677	0.0140564706061	0.00569846949432
Z_18	0.0279101786439	0.00100025458617	0.0016626147825	0.00165702619532	0.00243082746035	0.00178142798624	0.000292606876981	0.000124077905411	0.00436262576397	0.00217698156674	0.00401563003585	0.0298930353546	0.00070772103848	0.00629929971522	0.00168524794545	0.00657421686119	0.0137885419438	0.00582311716093	0.839322786506	0.00183648086054	0.00349969225219	0.000605396772534	0.00503136662604	0.00390193509079	0.000344885545924	0.00323054081336	0.000874993560539	0.00146816367295	0.00132596839923	0.00188671810059
Z_19	0.0387158071019	0.00155156276817	0.00735535906934	0.0029914513762	0.00921433900514	0.00445836184777	0.0301989551362	0.0124178943155	0.0104658905428	0.0108169991076	0.0305557606768	0.00893084352894	0.0149609724059	0.00610977333497	0.0253608417868	0.00773414816718	0.0227238817178	0.00642029337099	0.00153480401125	0.388006381702	0.00184286046355	0.00706524474497	0.00793612523064	0.025083711025	0.0037804031018	0.00338497593531	0.0119287942751	0.0222487171349	0.0323096460894	0.0463440041746
Z_20	0.00195137209293	0.00727177036547	0.00279880524844	0.0161027674825	0.00155270834474	0.0161319781924	0.000533750305043	0.000289815330644	0.00994261999391	0.00578868177724	0.000793599019101	0.00253386059354	0.00540077392263	0.013327293311	0.000209948668336	0.00334409399487	0.0064411976541	0.010607097146	0.00282996191821	0.00178310397934	0.826455345824	0.000370549847312	0.00334541846093	0.00479512976369	0.000949544430603	0.0118503232201	0.00230683956181	0.00128274277443	0.012700513622	0.00119315734536
Z_21	0.00790270443278	0.000334345678328	0.00392686506661	0.000310951876737	0.0786516296749	0.000647203638175	0.0200298247895	0.0277504433477	0.0115535439939	0.00181948398614	0.0425412679867	0.00385897715957	0.0306907680209	0.000219417659643	0.0298524065835	0.0167608371893	0.000552472604579	0.00202599842635	0.000742112336757	0.0103631131888	0.000561727199235	0.501436550527	0.00190059593707	0.00527767645098	0.115589380729	0.000264148865505	0.00210938643984	0.0308616355935	0.00100415132362	0.00284436321884
Z_22	0.00434893027064	0.00996091089561	0.0141740278109	0.0106066344466	0.00217823420162	0.0046825250532	0.00300406697902	0.00286190709867	0.00703848287335	0.0306441024992	0.00359353334541	0.0121301156973	0.00456128155952	0.00410294213885	0.00240927565149	0.000811356348191	0.00882597131713	0.00554577675018	0.00358710012716	0.00677016928202	0.00294956009113	0.0011053957265	0.742455303958	0.00239927550358	0.00292911596363	0.00742942803283	0.00457729690685	0.00451414415363	0.00872703435787	0.00478330932083
Z_23	0.018963990954	0.00626362907294	0.00409555204928	0.00747381115538	0.00556732107946	0.00902820199551	0.00151668301175	0.000918051662856	0.00821093157779	0.0127185780165	0.00745852860276	0.0298742355838	0.0361120241202	0.0401613960699	0.00433394381859	0.0165443281201	0.052640571591	0.00907254561348	0.00385624498435	0.0296626430616	0.00586049372029	0.00425498259722	0.00332588448502	0.61143290636	0.000736925137593	0.00817433887117	0.00559694039495	0.00363639190016	0.0160574359231	0.00799253882965
Z_24	0.00562492741303	0.000833947841786	0.00915439093885	0.000215589070303	0.00961242019503	0.00053945162797	0.022409453765	0.0576432474974	0.00528418076021	0.00265902919492	0.0284680993377	0.00098671461097	0.00533356227231	0.000271996142596	0.0282232559506	0.00455258332327	0.000790026180883	0.00257723626313	0.000392885675433	0.00515303144981	0.00133769085072	0.107418624832	0.00468026271993	0.000849434696514	0.65297981177	0.000265884734047	0.00274515952465	0.0104773689395	0.000714151245897	0.00109658920561
Z_25	0.0011424906411	0.0285420765258	0.00181637176135	0.00956639517426	0.000665938214958	0.00772199482606	0.00191485757009	0.000194797727609	0.00589653990591	0.0162928781546	0.000969648598775	0.00388806150391	0.00313359591404	0.0111020367082	0.000198440274524	0.000750237959322	0.0158146151329	0.0113851869424	0.00234751911897	0.00294322166993	0.0106491113091	0.000156586063285	0.00757236869418	0.00601038051055	0.000169604006564	0.771608486259	0.0174179483009	0.00109109714837	0.0123433789661	0.00101185246661
Z_26	0.00330146171241	0.0054921848791	0.00435809865384	0.00456111265105	0.00346931955646	0.00185810278141	0.00145060905475	0.00592938430702	0.0100094739393	0.00834260942838	0.00506658063406	0.00170310582132	0.00211666662908	0.00231189019834	0.00311703210603	0.00193747194993	0.00364169306129	0.0080497045568	0.000685592144122	0.0111838415501	0.00223525786254	0.00134830323202	0.0050305158873	0.0044373847004	0.00188815377584	0.0187812315473	0.822095632738	0.00673717834398	0.00362937267117	0.00449530540032
Z_27	0.0323051302521	0.000881372675915	0.0281052929238	0.0016969437734	0.028913920771	0.000781952176707	0.0400496735472	0.047705090122	0.0420523062388	0.00912670666547	0.0726526191573	0.00751982109744	0.00632312799331	0.00105787282062	0.0793977068018	0.00494502261155	0.0204203395701	0.0222398182298	0.0023473918344	0.0425646994346	0.00253629611875	0.0402532086521	0.0101234607744	0.00588297795899	0.0147052411636	0.00240071513446	0.0137476410358	0.452125659003	0.0124700054712	0.0985007214196
Z_28	0.0147978871967	0.0142165656175	0.00163598746504	0.0210787916903	0.00130395312399	0.0397174041132	0.00326871248086	0.000486938899837	0.00729211872431	0.00598434100992	0.00583743874757	0.00962350127046	0.0052887605095	0.0328988683018	0.00258812978169	0.00215325287819	0.0372625313345	0.0149211674431	0.00128604295395	0.0374962626154	0.0152332598221	0.000794496366584	0.011872206759	0.0157584653829	0.000608024805244	0.0164748874874	0.00449254968989	0.00756445822576	0.615049811447	0.0294030345914
Z_29	0.0791154268872	0.00226802193722	0.00635718866599	0.00235882190232	0.0145743902548	0.00359075233585	0.0169219367121	0.00270820517463	0.0186625058001	0.00591892029773	0.0613567743666	0.0193094751399	0.0109388547649	0.00580028696178	0.024987636885	0.00966962881845	0.052376972146	0.00956491547491	0.00289351481201	0.0850444015758	0.00226290164299	0.00355855922357	0.0102893899234	0.0124027752184	0.00147628925655	0.00213551183561	0.00879866778611	0.0944815457182	0.0464931047144	0.496847544146
